96597278678
96599047630
96594954878
96555975613
96594022256
96599915930
96599949675
96551444822
96594988940
96597311699
96596027796
96568888011
96566136568
96590977453
96555974227
96551282560
96560633388
96567065875
96598974339
96596644030
96594499371
96551225553
96569333297
96599443931
96550322783
96594031569
96550732101
96594493489
96597570047
96566096109
96565112349
96594444398
96551593839
96596988650
96599009092
96566446533
96598920168
96599466493
96598788088
96565024313
96550151811
96598789575
96590953122
96595589155
96597744574
96596990346
96566252628
96550073718
96551044442
96555691343
96566129936
96566412461
96551297044
96599525611
96597787009
96597980202
96599825663
96560017195
96599887829
96594904771
96555559460
96596991901
96555540930
96590010047
96595562122
96551177848
96555356550
96597615588
96590967400
96565553805
96597653425
96597297002
96566521060
96566283702
96555939103
96599841964